             [38;2;248;64;72m▗▟[38;2;255;64;64m███[38;2;248;64;72m▙[38;2;248;56;72m▖[0m
            [38;2;240;56;80m▗[38;2;248;56;80m███████[38;2;240;56;80m▖[0m
           [38;2;232;56;88m▗[38;2;240;56;88m████▜████▖                        [38;2;240;56;80m▄▄[38;2;240;56;88m▄▄[0m
          [38;2;232;56;104m▗[38;2;232;56;96m████▀ ▜████▖                    [38;2;248;56;80m▄[38;2;240;56;80m████[38;2;240;56;88m████▄                                   [38;2;208;40;136m▐███     [38;2;200;40;144m▐███[0m
          [38;2;224;48;104m▛▀[38;2;224;48;112m▄▄▄▄▄▄▄▄[38;2;224;48;104m▞▀▙                  [38;2;248;56;72m▗[38;2;248;56;80m███[38;2;240;56;80m█▛▀▀[38;2;240;56;88m▜████[38;2;232;56;88m▖                                 [38;2;208;40;136m▐███     [38;2;200;40;144m▐███[0m
         [38;2;216;48;120m▄▟███████████▄▖                 [38;2;248;56;72m▟[38;2;248;56;80m███[38;2;240;56;80m▘    [38;2;240;56;88m▝▀▀▀▘ [38;2;232;56;96m███▌  [38;2;232;56;104m▐[38;2;232;48;104m█[38;2;224;48;104m██   [38;2;224;48;112m▄▟█▌[38;2;216;48;112m▐█[38;2;216;48;120m██   ██[38;2;216;48;128m█[38;2;208;48;128m▌    [38;2;208;40;136m▐███▄[38;2;200;40;136m▄[38;2;200;40;144m▄▄▄▟███  [38;2;192;40;152m▗▟███[38;2;192;40;160m█▙[38;2;192;32;160m▖    [38;2;184;32;168m▄▟█[38;2;176;32;168m█  [38;2;176;32;176m▄▟███[38;2;176;32;184m█▄[38;2;168;32;184m▖   [38;2;168;24;192m▗▟█[38;2;160;24;192m███[38;2;160;24;200m▙▖  [38;2;152;24;200m▗[38;2;152;24;208m▄██████▖ [38;2;144;24;216m▄[38;2;144;16;216m███[38;2;144;16;224m███▌[0m
       [38;2;208;48;128m▗▟█████[38;2;208;48;120m▀▀▀▀[38;2;208;48;128m▜█████[38;2;208;40;128m▖                [38;2;248;56;72m█[38;2;248;56;80m██▌  [38;2;240;56;80m▄▄[38;2;240;56;88m▄▄▄▄▄[38;2;232;56;88m▖ [38;2;232;56;96m███▌  [38;2;232;48;104m▐[38;2;224;48;104m███ ▗█[38;2;224;48;112m███▌[38;2;216;48;112m▐█[38;2;216;48;120m██   ██[38;2;216;48;128m█[38;2;208;48;128m▌    [38;2;208;40;136m▐███[38;2;200;40;136m███[38;2;200;40;144m██████ [38;2;192;40;152m▟█████[38;2;192;40;160m█[38;2;192;32;160m█[38;2;184;32;160m█▙  [38;2;184;32;168m▟████ [38;2;176;32;176m▟█████[38;2;176;32;184m█[38;2;168;32;184m██[38;2;168;24;184m▖ [38;2;168;24;192m▟███[38;2;160;24;192m▀▀█[38;2;160;24;200m██▙ █[38;2;152;24;200m█[38;2;152;24;208m█▛▀▀██[38;2;152;16;208m▘[38;2;152;24;216m▐[38;2;144;24;216m█[38;2;144;16;216m██▀[38;2;144;16;224m▀██▌[0m
      [38;2;200;40;136m▗████[38;2;208;40;136m▀         [38;2;208;40;128m▀[38;2;208;48;128m▘                  [38;2;248;56;72m█[38;2;248;56;80m██▌  [38;2;240;56;80m██[38;2;240;56;88m██████ [38;2;232;56;96m███▌  [38;2;232;48;104m▐[38;2;224;48;104m███ ██[38;2;224;48;112m█▛▘ [38;2;216;48;112m▐█[38;2;216;48;120m██   ██[38;2;216;48;128m█[38;2;208;48;128m▌    [38;2;208;40;136m▐███▀[38;2;200;40;136m▀[38;2;200;40;144m▀▀▀████ [38;2;192;40;152m███▛  [38;2;192;40;160m▜█[38;2;184;32;160m██▖[38;2;184;32;168m▐███▀ [38;2;176;32;176m▗███▌  [38;2;176;32;184m▜[38;2;168;32;184m██▙ [38;2;168;24;184m█[38;2;168;24;192m███[38;2;160;24;192m▄▄█[38;2;160;24;200m███ ▜[38;2;152;24;200m█[38;2;152;24;208m███▄▄▖ [38;2;144;24;216m▐█[38;2;144;16;216m███[38;2;144;16;224m▄▄▖[0m
     [38;2;192;40;152m▗[38;2;200;40;144m███▛▘                              [38;2;248;56;72m▜[38;2;248;56;80m██[38;2;240;56;80m█▖    [38;2;240;56;88m▝████ [38;2;232;56;96m███▌  [38;2;232;48;104m▟█[38;2;224;48;104m██ ██[38;2;224;48;112m█▌  [38;2;216;48;112m▐█[38;2;216;48;120m██   ██[38;2;216;48;128m█[38;2;208;48;128m▌    [38;2;208;40;136m▐███     [38;2;200;40;144m▐███ [38;2;192;40;152m███▌  [38;2;192;40;160m▐█[38;2;184;32;160m██▌▐[38;2;184;32;168m██▌  [38;2;176;32;168m▐[38;2;176;32;176m███   [38;2;168;32;184m▐███ [38;2;168;24;184m█[38;2;168;24;192m██▛[38;2;160;24;192m▀▀▀[38;2;160;24;200m▀▀▀  ▀[38;2;152;24;208m▀█████▖ [38;2;144;16;216m▝▀██[38;2;144;16;224m███▙[0m
     [38;2;192;40;160m▟███[38;2;192;40;152m▘  [38;2;184;40;160m▄▄[38;2;192;40;160m▄███[38;2;192;40;152m▛▀▀                    [38;2;248;56;72m▝[38;2;248;56;80m▜██[38;2;240;56;80m███[38;2;240;56;88m███████ [38;2;232;56;96m▜█████[38;2;232;56;104m█[38;2;232;48;104m█[38;2;224;48;104m█▌ ██[38;2;224;48;112m█▌  [38;2;216;48;112m▝█[38;2;216;48;120m███████[38;2;216;48;128m█     [38;2;208;40;136m▐███     [38;2;200;40;144m▐███ [38;2;192;40;152m▜█████[38;2;192;40;160m██[38;2;184;32;160m██▌▐[38;2;184;32;168m██▌  [38;2;176;32;168m▐[38;2;176;32;176m███   [38;2;168;32;184m▐███ [38;2;168;24;184m▜[38;2;168;24;192m███[38;2;160;24;192m███[38;2;160;24;200m██▛ ▐[38;2;152;24;200m█[38;2;152;24;208m▄▄▄███[38;2;152;24;216m▌ █[38;2;144;16;216m▄▄▄[38;2;144;16;224m████[0m
     [38;2;184;32;168m██[38;2;184;32;160m▀[38;2;184;32;168m▙▄████▛[38;2;184;32;160m▀[38;2;184;40;160m▘   [38;2;184;32;168m▗██████▌               [38;2;248;56;80m▀[38;2;240;56;80m▜████[38;2;240;56;88m█▀▜███  [38;2;232;56;96m▀████[38;2;232;48;104m█▛[38;2;224;48;104m▘  ██[38;2;224;48;112m█▌   [38;2;216;48;112m▝[38;2;216;48;120m▜█████▀      [38;2;208;40;136m▐███     [38;2;200;40;144m▐███ [38;2;192;40;152m▝▜████[38;2;192;32;160m▜[38;2;192;40;160m█[38;2;184;32;160m██▌[38;2;184;32;168m▐██▌  [38;2;176;32;168m▐[38;2;176;32;176m███   [38;2;168;32;184m▐███  [38;2;168;24;192m▀▜█[38;2;160;24;192m███[38;2;160;24;200m█▀  ▐█[38;2;152;24;208m█████▛  [38;2;144;24;216m█[38;2;144;16;216m███[38;2;144;16;224m██▛▘[0m
    [38;2;176;32;176m▞▚▄█████▀      ▐███████▌▄[0m
    [38;2;168;24;192m▄[38;2;168;32;184m████▛▘            ▜███▌█▙[0m
  [38;2;160;24;200m▗█[38;2;160;24;192m███▛[38;2;168;24;192m▘[38;2;160;24;200m▄            ▗[38;2;160;24;192m███▛▟██▙[0m
 [38;2;152;24;208m▄████[38;2;160;24;200m▀[38;2;152;24;208m▗███▄        ▗▟██[38;2;152;24;200m██[38;2;160;24;200m▘[38;2;160;24;208m███[38;2;160;24;200m█[38;2;152;24;208m▄[0m
[38;2;144;24;216m▐[38;2;152;24;216m█[38;2;144;24;216m██[38;2;152;24;216m█[38;2;152;24;208m▘ ▝[38;2;152;24;216m█████[38;2;144;24;216m▙▄[38;2;144;16;216m▄▄[38;2;144;24;216m▄[38;2;144;16;216m▄█[38;2;152;24;216m████▛  [38;2;152;24;208m▝[38;2;152;24;216m████[38;2;144;24;216m▖[0m
[38;2;144;16;224m████▘    ▀████████████▛[38;2;144;16;216m▘    [38;2;144;16;224m▝███▌[0m
[38;2;136;16;232m▝██▘       ▝▀▀████▀▀▘        ▝█▀[0m

                                                                     [38;2;181;110;241mGURU HARNESS VERSION 0.4.2 · THEME AUTOMATIONSGURU · NODE 22.11[0m
